# Position (bp)	A	C	G	T	N
0.0	28.26387437041293	26.13521129860134	24.634166257897167	20.966748073088564	0.0
1.0	28.3867293496202	23.618419503862555	22.623436636158836	25.370901987825885	5.125225325319334E-4
2.0	26.73383855216255	23.568436959126306	23.271410231497704	26.426314257213445	0.0
3.0	26.335574330264066	23.835477506831047	23.929397684145577	25.899550478759316	0.0
4.0	27.773247967749786	22.84420626653797	23.440453002354356	25.941731008812457	3.617545454313932E-4
5.0	27.36907910881011	23.856365877505297	23.444753047492473	25.329764351669287	3.7614522839957814E-5
6.0	26.814288067230418	23.456768228502977	22.685285065285456	27.043311462878293	3.4717610285045757E-4
7.0	26.667530856029707	23.634501012076445	21.874372342939537	27.82353214635449	6.364259982218836E-5
8.0	26.04847538115399	23.949381216121004	22.577545620490213	27.424597782234795	0.0
9.0	26.314916440258223	23.67280552818588	22.944175941039532	27.06622495447873	0.001877136037639441
10.0	26.515587105731136	23.437368454372734	23.042879431490654	26.983318709400077	0.02084629900539612
11.0	26.319447926819173	23.563587661305764	22.962353856661814	27.148442052542226	0.006168502671022386
12.0	26.324682389577365	23.677891274768918	22.951964665959768	27.04545877793626	2.8917576924513905E-6
13.0	26.374836572438802	23.591935024252265	22.81594055407853	27.217227126394437	6.072283596463213E-5
14.0	26.24782346747982	23.66464682598302	22.88930523026175	27.19814930004715	7.517622825885408E-5
15.0	26.170862791585414	23.74922829795163	23.045115682954542	27.03409644412938	6.967833790391426E-4
16.0	26.226172351804127	23.690110329809865	23.061653669285803	27.021991371828403	7.227727180475191E-5
17.0	26.124227106467067	23.76876559435993	23.115452851958672	26.98963485228124	0.001919594933090408
18.0	26.047725869165294	23.861717544683433	23.229453313195066	26.855474833721825	0.005628439234378472
19.0	26.125521991729073	23.81333350292223	23.140292991796716	26.906597374185758	0.014254139366227029
20.0	25.99223172211569	23.937340979241235	23.17991220579895	26.87807382321025	0.01244126963387864
21.0	25.965279999084274	24.0123471528354	23.243568109684535	26.762938515771385	0.015866222624406765
22.0	26.044432340415298	23.930907562950885	23.10784739107219	26.90558898696242	0.011223718599204766
23.0	25.96596592719549	23.997126222823635	23.101810979086725	26.934304894161848	7.919767323016902E-4
24.0	26.011915592228057	24.01400967265722	23.21939791935984	26.754260601011197	4.162147436847E-4
25.0	26.110214129246263	23.86966772735041	23.178659142867374	26.82533673864331	0.016122261892646605
26.0	26.047039233485926	23.915540185894184	23.310536077058362	26.726884503561532	0.0
27.0	26.038807031605703	23.972347902495212	23.465845395301297	26.522907182479837	9.248811795032804E-5
28.0	26.12022074611382	23.890293891342466	23.370102579276985	26.619223820908267	1.5896235846497392E-4
29.0	26.07182378629317	23.92476288181629	23.379097992509976	26.624063891561367	2.514478192017347E-4
30.0	26.059575824871438	23.999350634092746	23.441800002526016	26.499103017820254	1.7052068954983028E-4
31.0	26.134907184590876	23.9481102380274	23.311141404011785	26.605806491254935	3.468211500554654E-5
32.0	26.08118749396316	23.982948236676364	23.29979909282233	26.636018933841093	4.624269704981419E-5
33.0	26.09407816589915	23.980865534201428	23.41343445557024	26.51161317380219	8.670526997232049E-6
34.0	26.181188425029017	23.87083356250137	23.37924102609516	26.56846241825782	2.745681166358423E-4
35.0	26.12862840173659	23.855066447931307	23.44010665819795	26.576045310716513	1.5318141763737201E-4
36.0	26.16583114422482	23.860930945941274	23.54317233548313	26.429813974843057	2.515995077209816E-4
37.0	26.26814824953408	23.740551595957935	23.50153661581653	26.489152972452036	6.105662394198058E-4
38.0	26.158296356884858	23.83430014983605	23.52865487763389	26.478441705090805	3.0691055439338117E-4
39.0	26.06668377541128	23.923100809115372	23.639401396354007	26.369681226308767	0.001132792810572532
40.0	26.138363454741416	23.87379476632937	23.540707631657966	26.44665002163491	4.8412563634256357E-4
41.0	26.04915339175297	23.962504738381583	23.514628328136535	26.47336835200858	3.451897203313496E-4
42.0	26.039152453165116	23.99132034056732	23.5682278696796	26.40127611590407	2.3220683893840492E-5
43.0	26.157917199922803	23.848113743624346	23.48548456591075	26.508391550405573	9.294013653196493E-5
44.0	26.091147758081018	23.88671867280424	23.50757377255758	26.51455107797689	8.718580271038573E-6
45.0	26.14443892369841	23.88041315756307	23.631636437722563	26.34251402444298	9.974565729800005E-4
46.0	26.284110782900445	23.73282353739866	23.576848539142432	26.405972706688697	2.4443386976964987E-4
47.0	26.17075853454181	23.80507824983021	23.604350456163132	26.41942840753825	3.84351926600429E-4
48.0	26.14140133590507	23.87165284054422	23.69769330181917	26.289031091665667	2.2143006587340512E-4
49.0	26.189204246759157	23.79665250262072	23.644040079666308	26.368511453992337	0.0015917169614729572
50.0	26.10514849774402	23.872264563981382	23.586655296196604	26.433554530159892	0.0023771119181041486
51.0	26.088311346915372	23.948122893905357	23.591405849836182	26.37105973242764	0.0011001769154517834
52.0	26.164418813539193	23.873913372675545	23.447568358238087	26.51409361556451	5.839982664595458E-6
53.0	26.05745750882823	23.926711899655203	23.484802310740427	26.530251068272744	7.772125033973829E-4
54.0	26.048619551975094	23.981708349878815	23.608867401910327	26.36080469623576	0.0
55.0	26.14114419413513	23.875105479503482	23.54992766722658	26.433793398895972	2.926023883786992E-5
56.0	26.104760795923003	23.90568727767829	23.55018630250523	26.438885387326604	4.8023656687546024E-4
57.0	26.10024585301078	23.933470578698813	23.611032473627333	26.355227649947423	2.344471566073011E-5
58.0	26.157520048746115	23.850245013752005	23.557348909408336	26.434668987630893	2.1704046264814294E-4
59.0	26.042709377022184	23.904504649639343	23.608974237791326	26.443811735547147	0.0
60.0	26.025913751121895	23.943248577136426	23.700601698915968	26.32919590653412	0.0010400662915925154
61.0	26.106851143989303	23.889356892732078	23.569476339428324	26.434277395449662	3.822840063752033E-5
62.0	26.039323237499666	23.927026894258	23.548179267660544	26.48081716155348	0.004653439028307773
63.0	26.05962029536838	23.97928443519408	23.581398827976393	26.379696441461142	0.0
64.0	26.175747320698783	23.848158436856878	23.52157273078655	26.454489073079724	3.243857806849559E-5
65.0	26.1050012299004	23.89160558515585	23.580837664748426	26.422534857042123	2.0663153202492083E-5
66.0	26.111478894456262	23.898609046146507	23.691945142878215	26.29789008978917	7.68267298395137E-5
67.0	26.175651845139864	23.796207400744716	23.63678404616391	26.39093371664037	4.2299131113729323E-4
68.0	26.14161693902675	23.802994238964338	23.67202082568774	26.38333838375628	2.9612564895565814E-5
69.0	26.16925014137159	23.804870890496492	23.720965462346243	26.304913505785677	0.0
70.0	26.216538953488786	23.779831234829288	23.60122253719503	26.402407274486894	0.0
71.0	26.085501664320198	23.921924038536396	23.55237720549912	26.43712459194292	0.003072499701367292
72.0	26.08158053062517	23.986285924281255	23.612528032734414	26.31703497108349	0.00257054127566324
73.0	26.18606169887633	23.891962218329756	23.544166470327156	26.376871234217337	9.383782494288628E-4
74.0	26.13303049588171	23.864374470404325	23.6219834075334	26.377936056937546	0.002675569243016138
75.0	26.150029170078998	23.884169820985065	23.66896881740056	26.292194483438752	0.004637708096620094
76.0	26.215150956312584	23.78386536756837	23.664738900665096	26.334833544061276	0.0014112313926748958
77.0	26.153779138564147	23.847638430399385	23.733104247003684	26.264124981981006	0.0013532020517776418
78.0	26.165372967887972	23.882600152414305	23.795288263993637	26.156738615704082	0.0
79.0	26.234528497110627	23.79417909381176	23.704954664165324	26.23895428824331	0.02738345666898265
80.0	26.16419192940488	23.875313083846265	23.67486483908263	26.285609095969154	2.1051697073537427E-5
81.0	26.124322270591442	23.964155805282438	23.666785721946155	26.244504237187037	2.3196499292777898E-4
82.0	26.136221724341713	23.941110107744876	23.572193448125113	26.350341930192144	1.3278959615243354E-4
83.0	26.10308303763705	23.96497732767523	23.55351880267943	26.37650376638384	0.0019170656244522266
84.0	26.157396255135406	23.978519724209583	23.608320181395836	26.255151768904533	6.120703546390176E-4
85.0	26.269342689811836	23.8371366828902	23.51110405618309	26.38158751246966	8.290586452094547E-4
86.0	26.208694320145387	23.84393655703773	23.549405778553112	26.3979511675324	1.2176731374426028E-5
87.0	26.208412498029627	23.846947219585306	23.592270239776138	26.301775847696153	0.05059419491277781
88.0	26.309915134883976	23.77454171386683	23.535429917372703	26.370680852087457	0.009432381789027184
89.0	26.265280849510376	23.814032864665712	23.505407973726097	26.40666062661165	0.008617685486162874
90.0	26.213458360563465	23.898112509350455	23.505730664586796	26.353974750363374	0.028723715135913017
91.0	26.283684580903532	23.875105514983474	23.402747850617843	26.43841566478653	4.6388708617212906E-5
92.0	26.227294721071676	23.925166575667177	23.34473221684855	26.5028064864126	0.0
93.0	26.262096061001046	23.946019481627438	23.37705341673384	26.41477794475911	5.3095878569850645E-5
94.0	26.354870130533552	23.85008202455817	23.235940729810302	26.559107115097973	0.0
95.0	26.351566781919416	23.84358119408524	23.15925842533192	26.645593598663424	0.0
96.0	26.45490556393516	23.863169620930176	23.115079301550555	26.566845513584113	0.0
97.0	26.61274787868085	23.779614172072247	22.998007582333617	26.609630366913294	0.0
98.0	26.44144729311601	23.825219304336045	23.30821859497279	26.425114807575156	0.0
99.0	26.486874998377548	23.687701022016046	23.44123083233174	26.384193147274665	0.0
100.0	26.26197182988853	23.789354099698397	24.045376666745447	25.903297403667626	0.0
